   1.3758833e+00   1.4070827e+00   1.4324164e+00   1.5440202e+00   1.3717619e+00   1.4112816e+00   1.2793547e+00   1.2754371e+00   8.6048679e-01   1.0008081e+00   8.0469159e-01   6.9346202e-01   6.6770862e-01   4.8365022e-01   3.7705678e-01   1.2930158e-01   3.0239365e-02   7.0129265e-03  -0.0000000e+00   1.0002633e-03  -9.9973693e-04
   1.4494952e+00   1.3290177e+00   1.4281706e+00   1.5507938e+00   1.4994695e+00   1.4602479e+00   1.4324164e+00   1.2617890e+00   1.2970842e+00   1.3109891e+00   1.1034417e+00   1.0075938e+00   1.0821131e+00   6.5920114e-01   5.4792974e-01   2.2478803e-01   4.2471167e-02   8.0168895e-03   1.0002633e-03   4.0042164e-03   1.0002633e-03
   1.3966259e+00   1.3987127e+00   1.4197074e+00   1.4494952e+00   1.4388030e+00   1.4302923e+00   1.3030310e+00   1.3411325e+00   1.1195967e+00   1.3330474e+00   1.0178180e+00   1.0195274e+00   1.0540424e+00   8.9060841e-01   6.7768239e-01   3.2651549e-01   7.9646266e-02   1.1031966e-02   2.0010534e-03   2.0010534e-03   1.0002633e-03
   1.3987127e+00   1.4197074e+00   1.4197074e+00   1.4841203e+00   1.4559395e+00   1.4473519e+00   1.3411325e+00   1.2754371e+00   1.2656785e+00   1.3635456e+00   1.0332583e+00   1.0418907e+00   8.0927912e-01   8.5107307e-01   7.0357227e-01   4.2272316e-01   1.4758647e-01   2.8208365e-02   4.0042164e-03   2.0010534e-03   2.0010534e-03
   1.3779474e+00   1.4112816e+00   1.4028931e+00   1.5553230e+00   1.4133846e+00   1.4260513e+00   1.2290462e+00   1.1214002e+00   8.1848754e-01   8.9701111e-01   6.7625436e-01   3.2889197e-01   3.5764410e-01   2.2478803e-01   1.6932583e-01   7.0284079e-02   1.7076509e-02   5.0065905e-03   1.7076509e-02   1.0002633e-03  -9.9973693e-04
   1.4239343e+00   1.3050174e+00   1.3635456e+00   1.5238430e+00   1.4388030e+00   1.4345429e+00   1.3169796e+00   1.3350654e+00   1.0332583e+00   1.0075938e+00   1.1214002e+00   8.4638364e-01   9.0988161e-01   5.4526307e-01   5.1224173e-01   2.0129642e-01   4.3494047e-02   7.0129265e-03   1.0002633e-03   3.0023709e-03   1.0002633e-03
   1.4154898e+00   1.3862263e+00   1.4133846e+00   1.4580925e+00   1.4175974e+00   1.4430727e+00   1.2521001e+00   1.2482383e+00   1.0280976e+00   1.1689027e+00   1.1949816e+00   9.2772212e-01   8.4794549e-01   6.7768239e-01   5.0309768e-01   1.4326828e-01   5.9935469e-02   7.0129265e-03  -0.0000000e+00   3.0023709e-03   1.0002633e-03
   1.3966259e+00   1.3553648e+00   1.4112816e+00   1.4197074e+00   1.4516409e+00   1.4028931e+00   1.2366998e+00   1.2405382e+00   9.7724708e-01   1.0697811e+00   1.1744610e+00   1.0856513e+00   9.5562759e-01   8.8741513e-01   6.8914548e-01   2.4743431e-01   9.7457259e-02   1.8085806e-02   1.0002633e-03   2.0010534e-03   1.0002633e-03
   1.4028931e+00   1.4112816e+00   1.4602479e+00   1.5804285e+00   1.3903793e+00   1.4494952e+00   1.3070059e+00   1.0874229e+00   1.2157262e+00   1.0927475e+00   8.6363510e-01   6.3949726e-01   6.8770880e-01   4.7464242e-01   3.3842775e-01   1.2609302e-01   4.0427057e-02   8.0168895e-03   1.0002633e-03   4.0042164e-03   1.0002633e-03
   1.4884932e+00   1.1615169e+00   1.3903793e+00   1.5644139e+00   1.4819377e+00   1.4430727e+00   1.4430727e+00   1.2951060e+00   1.2043829e+00   1.2695759e+00   1.2990644e+00   1.0212384e+00   1.0785815e+00   7.6240050e-01   5.1880025e-01   2.6574770e-01   1.0061778e-01   9.0213833e-03   2.0010534e-03   3.0023709e-03   2.0010534e-03
   1.4841203e+00   1.4154898e+00   1.4710618e+00   1.4775799e+00   1.4452111e+00   1.4667289e+00   1.2695759e+00   1.3209839e+00   1.0645204e+00   1.1250124e+00   1.1504917e+00   1.0229508e+00   9.5893769e-01   8.2310854e-01   4.1524283e-01   1.8689821e-01   8.9054813e-02   8.0168895e-03  -0.0000000e+00   2.0010534e-03   1.0002633e-03
   1.4197074e+00   1.4516409e+00   1.4732320e+00   1.5350261e+00   1.3841532e+00   1.4112816e+00   1.3089964e+00   1.2637328e+00   1.1250124e+00   1.1615169e+00   1.3249965e+00   1.1413527e+00   1.0750565e+00   1.1726064e+00   9.4573173e-01   6.0069212e-01   2.6230047e-01   4.0427057e-02   9.0213833e-03   2.0010534e-03   7.0129265e-03
   1.2832803e+00   1.4775799e+00   1.4797575e+00   1.5440202e+00   1.3050174e+00   1.3820824e+00   1.2443843e+00   1.0750565e+00   1.0821131e+00   1.0523017e+00   9.8059509e-01   6.7911150e-01   7.3717561e-01   5.3861273e-01   3.2058725e-01   1.2075744e-01   3.1255680e-02   4.0042164e-03   1.0002633e-03   1.0002633e-03  -0.0000000e+00
   1.4994695e+00   1.4452111e+00   1.4218196e+00   1.5553230e+00   1.3987127e+00   1.4559395e+00   1.4154898e+00   1.3350654e+00   1.2598473e+00   1.2463103e+00   1.3270061e+00   9.8059509e-01   1.0298162e+00   7.5197319e-01   4.3023305e-01   1.3680935e-01   2.8208365e-02   3.0023709e-03   1.0002633e-03   1.0002633e-03   2.0010534e-03
   1.4388030e+00   1.5395178e+00   1.4580925e+00   1.4775799e+00   1.4070827e+00   1.5171646e+00   1.2617890e+00   1.2309567e+00   1.2157262e+00   1.2347835e+00   1.3149807e+00   1.1070199e+00   1.1232055e+00   1.0041979e+00   6.3111489e-01   2.0240850e-01   4.6565996e-02   6.0094937e-03  -0.0000000e+00  -0.0000000e+00  -0.0000000e+00
   1.4366718e+00   1.4624058e+00   1.4775799e+00   1.5440202e+00   1.4218196e+00   1.4388030e+00   1.2951060e+00   1.2793547e+00   8.8901110e-01   1.0349816e+00   1.1949816e+00   1.1340730e+00   1.0838814e+00   1.1912340e+00   8.9220706e-01   5.2143001e-01   1.4758647e-01   2.1116915e-02   5.0065905e-03   2.0010534e-03   1.0002633e-03
   1.4112816e+00   1.4906834e+00   1.4197074e+00   1.5621371e+00   1.4070827e+00   1.4281706e+00   1.3189807e+00   1.2024989e+00   1.2006168e+00   1.2617890e+00   8.4326377e-01   8.5734370e-01   8.6363510e-01   5.9521266e-01   3.5764410e-01   1.1649973e-01   2.7193679e-02   8.0168895e-03  -0.0000000e+00  -0.0000000e+00  -0.0000000e+00
   1.5417677e+00   1.3310315e+00   1.4260513e+00   1.5758391e+00   1.4863055e+00   1.4667289e+00   1.4154898e+00   1.2715277e+00   1.2990644e+00   1.3209839e+00   1.0963055e+00   1.1633607e+00   1.1707537e+00   9.3588715e-01   7.0212465e-01   2.9939744e-01   6.5102729e-02   9.0213833e-03   2.0010534e-03   1.0002633e-03   2.0010534e-03
   1.4841203e+00   1.5216143e+00   1.4324164e+00   1.4797575e+00   1.4452111e+00   1.4994695e+00   1.3270061e+00   1.2386180e+00   1.2872140e+00   1.2715277e+00   1.0662724e+00   1.0980871e+00   1.0592742e+00   9.9067469e-01   6.4089792e-01   2.5885948e-01   1.0167246e-01   1.3044678e-02  -0.0000000e+00  -0.0000000e+00   2.0010534e-03
   1.4494952e+00   1.4602479e+00   1.4473519e+00   1.5149437e+00   1.4645661e+00   1.4473519e+00   1.4028931e+00   1.4218196e+00   1.2990644e+00   1.3820824e+00   1.1413527e+00   1.1987365e+00   1.1596749e+00   1.2405382e+00   1.1088115e+00   6.8054169e-01   4.1897931e-01   1.9352998e-01   7.1322047e-02   1.4051834e-02   4.0042164e-03
   1.4366718e+00   1.4732320e+00   1.4112816e+00   1.5553230e+00   1.3492522e+00   1.3635456e+00   1.2695759e+00   1.1578347e+00   1.0280976e+00   1.1214002e+00   7.6389480e-01   7.3422987e-01   6.7482740e-01   6.6061641e-01   5.1224173e-01   2.2704055e-01   9.2201378e-02   2.5165931e-02   2.0010534e-03   2.0010534e-03  -9.9973693e-04
   1.4884932e+00   1.3229891e+00   1.4516409e+00   1.5896406e+00   1.3614971e+00   1.4239343e+00   1.4409366e+00   1.2911559e+00   1.1874939e+00   1.2656785e+00   1.3030310e+00   1.2214233e+00   1.2463103e+00   1.2081564e+00   7.6539027e-01   3.1703916e-01   1.4542615e-01   4.1448837e-02   4.0042164e-03   2.0010534e-03   2.0010534e-03
   1.4710618e+00   1.4819377e+00   1.4239343e+00   1.5238430e+00   1.3512875e+00   1.4972692e+00   1.2309567e+00   1.3391080e+00   1.1395301e+00   1.2309567e+00   1.2482383e+00   1.2463103e+00   1.1250124e+00   9.7892035e-01   6.0343778e-01   2.4174738e-01   9.4301986e-02   2.3140344e-02  -0.0000000e+00  -0.0000000e+00  -0.0000000e+00
   1.4324164e+00   1.4775799e+00   1.4388030e+00   1.5462754e+00   1.2754371e+00   1.4580925e+00   1.3883017e+00   1.4154898e+00   1.2970842e+00   1.3310315e+00   1.2024989e+00   1.2501682e+00   1.0610213e+00   1.1304436e+00   7.9403024e-01   5.3198559e-01   2.2253818e-01   4.4517478e-02   4.0042164e-03   2.0010534e-03   3.0023709e-03
   1.4950714e+00   1.5038779e+00   1.4302923e+00   1.6058701e+00   1.4494952e+00   1.4070827e+00   1.3512875e+00   1.4580925e+00   1.1450030e+00   1.2482383e+00   1.0041979e+00   8.8901110e-01   9.4902463e-01   7.9554964e-01   6.8914548e-01   2.2591396e-01   7.0284079e-02   1.4051834e-02   1.0002633e-03   2.0010534e-03  -0.0000000e+00
   1.5193881e+00   1.5644139e+00   1.4516409e+00   1.6245895e+00   1.4388030e+00   1.4324164e+00   1.4218196e+00   1.3229891e+00   1.2081564e+00   1.1689027e+00   1.2366998e+00   1.2043829e+00   1.3229891e+00   9.8394902e-01   8.4950864e-01   3.7705678e-01   1.5842506e-01   5.2724835e-02   1.9095638e-02   2.0010534e-03   2.0010534e-03
   1.4645661e+00   1.5417677e+00   1.4133846e+00   1.5666935e+00   1.4928761e+00   1.5060859e+00   1.3330474e+00   1.3635456e+00   1.2793547e+00   1.2024989e+00   1.2832803e+00   1.2006168e+00   1.1106048e+00   1.0041979e+00   8.5420580e-01   3.9666986e-01   2.2366277e-01   4.6565996e-02   1.3044678e-02   1.0002633e-03   1.0002633e-03
   1.4624058e+00   1.4863055e+00   1.4430727e+00   1.5735486e+00   1.4559395e+00   1.4797575e+00   1.3472190e+00   1.3841532e+00   1.0856513e+00   1.1670536e+00   1.1358903e+00   1.1322574e+00   1.0229508e+00   1.0927475e+00   9.6225357e-01   4.9270094e-01   2.6920120e-01   7.3399685e-02   1.6067749e-02   2.0010534e-03   2.0010534e-03
   1.4516409e+00   1.4797575e+00   1.4732320e+00   1.5507938e+00   1.4928761e+00   1.4324164e+00   1.3010466e+00   1.2501682e+00   1.0803465e+00   1.0557848e+00   1.0418907e+00   9.6391369e-01   8.6994740e-01   6.0481211e-01   3.7340176e-01   9.5353162e-02   3.4307889e-02   7.0129265e-03   1.0002633e-03  -0.0000000e+00  -0.0000000e+00
   1.5283083e+00   1.5598630e+00   1.4928761e+00   1.6222395e+00   1.5395178e+00   1.4452111e+00   1.4154898e+00   1.1268211e+00   1.1286315e+00   1.0980871e+00   1.1763174e+00   1.0856513e+00   1.0645204e+00   7.3128869e-01   4.5167370e-01   1.7370371e-01   6.4068152e-02   9.0213833e-03   2.0010534e-03   1.0002633e-03   2.0010534e-03
   1.5038779e+00   1.5758391e+00   1.4452111e+00   1.5873334e+00   1.4732320e+00   1.5395178e+00   1.4754047e+00   1.1987365e+00   1.0998703e+00   1.2366998e+00   1.3149807e+00   1.2482383e+00   1.1726064e+00   9.6059491e-01   5.7615806e-01   1.9907419e-01   7.6520408e-02   1.2038055e-02   1.0002633e-03   1.0002633e-03   1.0002633e-03
   1.4994695e+00   1.5216143e+00   1.4928761e+00   1.5553230e+00   1.4580925e+00   1.5060859e+00   1.3717619e+00   1.4197074e+00   1.2119375e+00   1.3209839e+00   1.3717619e+00   1.2290462e+00   1.0874229e+00   1.1159948e+00   8.0621954e-01   4.3651405e-01   2.2253818e-01   3.1255680e-02   5.0065905e-03   3.0023709e-03   2.0010534e-03
   1.4624058e+00   1.5060859e+00   1.4797575e+00   1.5644139e+00   1.4754047e+00   1.4688941e+00   1.3249965e+00   1.2656785e+00   9.2446590e-01   1.0212384e+00   9.7223608e-01   8.3393478e-01   7.1956930e-01   5.7480430e-01   4.8623174e-01   2.2704055e-01   6.2000687e-02   1.4051834e-02   1.0002633e-03   7.0129265e-03  -0.0000000e+00
   1.5038779e+00   1.5965792e+00   1.4972692e+00   1.5689758e+00   1.5372706e+00   1.4473519e+00   1.4863055e+00   1.0945257e+00   1.3676493e+00   1.3862263e+00   1.2347835e+00   1.2386180e+00   1.2176233e+00   1.0998703e+00   9.8227132e-01   5.8974896e-01   3.0174022e-01   6.9246678e-02   1.8085806e-02   3.0023709e-03   2.0010534e-03
   1.4775799e+00   1.5781324e+00   1.4537890e+00   1.5942635e+00   1.5395178e+00   1.4797575e+00   1.3533251e+00   1.2463103e+00   1.0927475e+00   1.1358903e+00   1.2463103e+00   1.1968581e+00   1.1286315e+00   1.0025022e+00   7.4012592e-01   4.2522316e-01   3.0174022e-01   4.8616725e-02   1.0026408e-02   2.0010534e-03   1.0002633e-03
   1.4754047e+00   1.5283083e+00   1.5105096e+00   1.5873334e+00   1.4972692e+00   1.5193881e+00   1.4197074e+00   1.4070827e+00   1.2309567e+00   1.2754371e+00   1.2559697e+00   1.2521001e+00   1.0109957e+00   1.0732964e+00   9.1797017e-01   5.9932077e-01   3.6611275e-01   5.7872494e-02   1.3044678e-02   3.0023709e-03   2.0010534e-03
   1.4430727e+00   1.5440202e+00   1.4688941e+00   1.6035431e+00   1.4797575e+00   1.4819377e+00   1.4008017e+00   1.3966259e+00   9.9742426e-01   1.0980871e+00   1.0298162e+00   8.3238439e-01   8.6521121e-01   4.9011062e-01   3.8194111e-01   1.9463753e-01   1.1437446e-01   2.2128360e-02   4.0042164e-03   2.0010534e-03  -0.0000000e+00
   1.5038779e+00   1.5575917e+00   1.4819377e+00   1.5850290e+00   1.4797575e+00   1.5260744e+00   1.3883017e+00   1.3391080e+00   1.2043829e+00   1.2233262e+00   1.2501682e+00   9.9573462e-01   1.0280976e+00   7.8947934e-01   6.7482740e-01   4.4660703e-01   2.3834338e-01   3.4307889e-02   7.0129265e-03   3.0023709e-03   1.0002633e-03
   1.5105096e+00   1.5712608e+00   1.4732320e+00   1.5919507e+00   1.4841203e+00   1.5127254e+00   1.3411325e+00   1.3129838e+00   1.2043829e+00   1.3010466e+00   1.2119375e+00   1.1088115e+00   1.1559963e+00   9.4080306e-01   6.6061641e-01   2.8656349e-01   2.2929574e-01   4.2471167e-02   8.0168895e-03  -0.0000000e+00   1.0002633e-03
   1.5082965e+00   1.5327842e+00   1.5238430e+00   1.6152068e+00   1.4710618e+00   1.5350261e+00   1.2138309e+00   1.3924592e+00   1.1559963e+00   1.2656785e+00   1.2970842e+00   1.1856265e+00   1.0349816e+00   1.0488250e+00   7.8342838e-01   6.2972142e-01   4.8236078e-01   1.6168873e-01   6.0967798e-02   1.0026408e-02   3.0023709e-03
   1.5127254e+00   1.5193881e+00   1.4345429e+00   1.6128683e+00   1.3149807e+00   1.4928761e+00   1.3655964e+00   1.3655964e+00   1.1781755e+00   1.2424603e+00   1.0540424e+00   9.4902463e-01   9.6723827e-01   7.2981981e-01   5.6535491e-01   3.5643737e-01   1.8359099e-01   7.4439357e-02   1.1031966e-02   3.0023709e-03   2.0010534e-03
   1.5238430e+00   1.5038779e+00   1.4732320e+00   1.5395178e+00   1.5462754e+00   1.4754047e+00   1.3350654e+00   1.3841532e+00   1.3189807e+00   1.1893630e+00   1.2931300e+00   1.2024989e+00   1.1652062e+00   8.1541311e-01   6.5496164e-01   4.8107220e-01   2.2141425e-01   7.4439357e-02   2.0106008e-02   3.0023709e-03   3.0023709e-03
   1.4928761e+00   1.5350261e+00   1.4409366e+00   1.5082965e+00   1.5712608e+00   1.5016724e+00   1.4112816e+00   1.3697045e+00   1.2734814e+00   1.2559697e+00   1.2309567e+00   1.1744610e+00   1.1726064e+00   8.0774872e-01   6.1031936e-01   3.4921302e-01   2.5542471e-01   6.7173573e-02   1.3044678e-02   4.0042164e-03   2.0010534e-03
   1.5530571e+00   1.5082965e+00   1.4797575e+00   1.5712608e+00   1.4863055e+00   1.5260744e+00   1.3070059e+00   1.3966259e+00   1.1268211e+00   1.2656785e+00   1.3411325e+00   1.1596749e+00   1.0768182e+00   9.7390495e-01   8.4482306e-01   7.3570217e-01   5.7345151e-01   1.9021120e-01   5.7872494e-02   1.1031966e-02   3.0023709e-03
   1.3903793e+00   1.5016724e+00   1.4906834e+00   1.5644139e+00   1.3697045e+00   1.5038779e+00   1.2579075e+00   1.2328692e+00   8.4794549e-01   9.2609331e-01   9.8394902e-01   7.7890278e-01   9.2772212e-01   4.2522316e-01   4.0284070e-01   2.1804645e-01   6.9246678e-02   1.6067749e-02   1.0002633e-03   1.0002633e-03   1.0002633e-03
   1.5105096e+00   1.5395178e+00   1.4775799e+00   1.5804285e+00   1.3717619e+00   1.5553230e+00   1.4091810e+00   1.1468308e+00   1.1468308e+00   1.0505626e+00   1.0697811e+00   1.0246649e+00   1.1377094e+00   1.0384330e+00   8.6836735e-01   8.1234364e-01   3.7583766e-01   1.6060021e-01   3.9405826e-02   6.0094937e-03   1.0002633e-03
   1.5105096e+00   1.4710618e+00   1.4324164e+00   1.5283083e+00   1.2990644e+00   1.4688941e+00   1.3841532e+00   1.2501682e+00   1.1268211e+00   1.1450030e+00   1.2386180e+00   1.0963055e+00   1.1744610e+00   8.6678862e-01   6.5920114e-01   3.5282176e-01   2.7612709e-01   6.0967798e-02   7.0129265e-03   2.0010534e-03   1.0002633e-03
   1.5327842e+00   1.5575917e+00   1.5105096e+00   1.5485333e+00   1.4732320e+00   1.4994695e+00   1.3779474e+00   1.4239343e+00   1.1195967e+00   1.1578347e+00   1.2598473e+00   1.1670536e+00   9.5232324e-01   9.2121526e-01   6.9634518e-01   5.3330917e-01   4.1275592e-01   1.1331271e-01   2.9223594e-02   6.0094937e-03   2.0010534e-03
