   1.2176233e+00   1.3330474e+00   1.2405382e+00   1.3209839e+00   1.0540424e+00   1.4175974e+00   1.4473519e+00   1.3758833e+00   1.3109891e+00   1.6340188e+00   1.6082000e+00   1.6316571e+00   1.5127254e+00   1.6245895e+00   1.5530571e+00   1.2832803e+00   1.1968581e+00   7.8947934e-01   6.0206446e-01   3.6005987e-01   1.0272772e-01
   1.3070059e+00   1.3370857e+00   1.2195224e+00   1.3553648e+00   1.3614971e+00   1.5462754e+00   1.4645661e+00   1.4906834e+00   1.4950714e+00   1.5896406e+00   1.6867334e+00   1.6625908e+00   1.4091810e+00   1.4994695e+00   1.2872140e+00   1.2290462e+00   1.2328692e+00   7.9707024e-01   6.2276935e-01   4.4660703e-01   1.6060021e-01
   1.1250124e+00   1.1800356e+00   1.2970842e+00   1.3249965e+00   1.3614971e+00   1.4473519e+00   1.4688941e+00   1.4645661e+00   1.5873334e+00   1.5598630e+00   1.5965792e+00   1.6698014e+00   1.3330474e+00   1.5804285e+00   1.6530190e+00   1.2540339e+00   1.2119375e+00   8.6994740e-01   6.3111489e-01   5.3330917e-01   1.7041936e-01
   1.2617890e+00   1.2443843e+00   1.2773949e+00   1.3574067e+00   1.4070827e+00   1.5216143e+00   1.4775799e+00   1.4559395e+00   1.4260513e+00   1.6082000e+00   1.5804285e+00   1.5485333e+00   1.5060859e+00   1.5105096e+00   1.5038779e+00   1.2195224e+00   1.2386180e+00   7.2103028e-01   6.7197668e-01   5.8294136e-01   1.3251556e-01
   1.2559697e+00   1.3109891e+00   1.2540339e+00   1.3451880e+00   1.0680259e+00   1.4345429e+00   1.4473519e+00   1.3169796e+00   1.4366718e+00   1.6843053e+00   1.5942635e+00   1.6482511e+00   1.3800138e+00   1.6269424e+00   1.5988977e+00   1.2252310e+00   1.1195967e+00   8.5263879e-01   6.1307898e-01   4.3903227e-01   1.0695464e-01
   1.2990644e+00   1.3350654e+00   1.2559697e+00   1.3676493e+00   1.4070827e+00   1.5372706e+00   1.4430727e+00   1.4819377e+00   1.4688941e+00   1.6082000e+00   1.6198923e+00   1.6625908e+00   1.5016724e+00   1.5260744e+00   1.6770395e+00   1.2521001e+00   1.1541597e+00   8.3703936e-01   6.6345012e-01   4.7978450e-01   1.0589703e-01
   1.1689027e+00   1.2119375e+00   1.3089964e+00   1.3089964e+00   1.3472190e+00   1.4602479e+00   1.4197074e+00   1.4070827e+00   1.4580925e+00   1.5283083e+00   1.5758391e+00   1.5804285e+00   1.3655964e+00   1.5216143e+00   1.5942635e+00   1.1652062e+00   1.1504917e+00   9.0343546e-01   6.7055293e-01   5.0962465e-01   1.4111286e-01
   1.2386180e+00   1.1340730e+00   1.2891840e+00   1.3431592e+00   1.3533251e+00   1.4819377e+00   1.4345429e+00   1.4366718e+00   1.4972692e+00   1.5896406e+00   1.5575917e+00   1.5530571e+00   1.3594508e+00   1.1633607e+00   1.6482511e+00   1.1726064e+00   1.1395301e+00   9.6059491e-01   8.7152875e-01   8.1387775e-01   4.2522316e-01
   1.2813164e+00   1.3553648e+00   1.2386180e+00   1.3310315e+00   1.0575287e+00   1.4324164e+00   1.4775799e+00   1.2579075e+00   1.4366718e+00   1.5919507e+00   1.5988977e+00   1.6506335e+00   1.5060859e+00   1.6035431e+00   1.5942635e+00   1.2676262e+00   1.1358903e+00   8.3548643e-01   7.1373661e-01   3.6247871e-01   1.4326828e-01
   1.3717619e+00   1.3370857e+00   1.1781755e+00   1.4049868e+00   1.3655964e+00   1.5666935e+00   1.4388030e+00   1.4602479e+00   1.4950714e+00   1.6340188e+00   1.6105327e+00   1.7111868e+00   1.5666935e+00   1.4841203e+00   1.6989207e+00   1.2521001e+00   1.1689027e+00   8.8263526e-01   6.5355058e-01   4.0655285e-01   1.5083156e-01
   1.1744610e+00   1.2347835e+00   1.3270061e+00   1.3350654e+00   1.3270061e+00   1.4950714e+00   1.4281706e+00   1.4494952e+00   1.5038779e+00   1.5575917e+00   1.5919507e+00   1.6363835e+00   1.5372706e+00   1.6198923e+00   1.6964770e+00   1.2931300e+00   1.1541597e+00   8.4950864e-01   6.3669903e-01   4.7978450e-01   1.5516698e-01
   1.2891840e+00   1.2773949e+00   1.2990644e+00   1.3350654e+00   1.3676493e+00   1.4602479e+00   1.4281706e+00   1.4366718e+00   1.4388030e+00   1.6175481e+00   1.5462754e+00   1.5758391e+00   1.5440202e+00   1.5666935e+00   1.6292983e+00   1.2482383e+00   1.1559963e+00   9.0182734e-01   6.4510612e-01   5.0831746e-01   1.2182336e-01
   1.3010466e+00   1.3758833e+00   1.2443843e+00   1.3209839e+00   1.3350654e+00   1.4775799e+00   1.4580925e+00   1.3635456e+00   1.4602479e+00   1.6222395e+00   1.6152068e+00   1.6770395e+00   1.4906834e+00   1.3924592e+00   1.3209839e+00   1.2793547e+00   1.1106048e+00   6.2693754e-01   4.7978450e-01   4.0160493e-01   1.1013101e-01
   1.3070059e+00   1.3472190e+00   1.1652062e+00   1.4302923e+00   1.3883017e+00   1.5305450e+00   1.4602479e+00   1.4819377e+00   1.5942635e+00   1.6340188e+00   1.6387511e+00   1.7161154e+00   1.4008017e+00   1.4049868e+00   1.6387511e+00   1.2617890e+00   1.1670536e+00   8.5263879e-01   5.9521266e-01   4.4534247e-01   1.1119099e-01
   1.1763174e+00   1.2521001e+00   1.3209839e+00   1.3330474e+00   1.3676493e+00   1.4710618e+00   1.4688941e+00   1.5038779e+00   1.5417677e+00   1.5666935e+00   1.5216143e+00   1.6746237e+00   1.3594508e+00   1.5735486e+00   1.7185846e+00   1.2637328e+00   1.0927475e+00   8.3238439e-01   6.4089792e-01   4.7721172e-01   1.5625239e-01
   1.2852461e+00   1.2081564e+00   1.2990644e+00   1.3553648e+00   1.4070827e+00   1.4430727e+00   1.4239343e+00   1.4841203e+00   1.5193881e+00   1.6316571e+00   1.5781324e+00   1.5942635e+00   1.4819377e+00   1.5735486e+00   1.6722110e+00   1.2540339e+00   1.0998703e+00   8.6206029e-01   6.1169867e-01   5.1486242e-01   1.1225155e-01
   1.3451880e+00   1.3717619e+00   1.2271376e+00   1.3553648e+00   1.2405382e+00   1.4710618e+00   1.4928761e+00   1.3800138e+00   1.5327842e+00   1.6601933e+00   1.6175481e+00   1.7062709e+00   1.6035431e+00   1.6411216e+00   1.5395178e+00   1.2559697e+00   1.2043829e+00   6.3669903e-01   5.5060015e-01   3.9174758e-01   1.4866755e-01
   1.3209839e+00   1.3431592e+00   1.2695759e+00   1.3779474e+00   1.4028931e+00   1.5350261e+00   1.4797575e+00   1.5440202e+00   1.5850290e+00   1.4775799e+00   1.7136495e+00   1.7013676e+00   1.6292983e+00   1.5553230e+00   1.6746237e+00   1.2062687e+00   1.2501682e+00   6.3949726e-01   6.7482740e-01   4.2647439e-01   1.4650600e-01
   1.2443843e+00   1.2754371e+00   1.3169796e+00   1.3189807e+00   1.3800138e+00   1.4624058e+00   1.4928761e+00   1.5350261e+00   1.5666935e+00   1.5327842e+00   1.6105327e+00   1.6269424e+00   1.6292983e+00   1.6363835e+00   1.6989207e+00   1.2405382e+00   1.2386180e+00   8.4950864e-01   7.1228123e-01   5.1224173e-01   2.1244668e-01
   1.2891840e+00   1.2233262e+00   1.3249965e+00   1.3370857e+00   1.3841532e+00   1.4754047e+00   1.4559395e+00   1.5016724e+00   1.5372706e+00   1.6292983e+00   1.6058701e+00   1.5873334e+00   1.6082000e+00   1.5896406e+00   1.6128683e+00   1.2233262e+00   1.2328692e+00   8.5577410e-01   7.4012592e-01   5.7209968e-01   1.9021120e-01
   1.3883017e+00   1.2443843e+00   1.2617890e+00   1.3553648e+00   1.1523248e+00   1.4797575e+00   1.4754047e+00   1.4260513e+00   1.3270061e+00   1.6292983e+00   1.6035431e+00   1.6989207e+00   1.5781324e+00   1.4950714e+00   1.3411325e+00   1.2773949e+00   8.2619546e-01   6.1446029e-01   5.2011467e-01   3.6126890e-01   1.2930158e-01
   1.2852461e+00   1.3189807e+00   1.3431592e+00   1.4049868e+00   1.3966259e+00   1.5485333e+00   1.4972692e+00   1.5372706e+00   1.5462754e+00   1.6292983e+00   1.6601933e+00   1.7610584e+00   1.5327842e+00   1.4797575e+00   1.6434951e+00   1.2951060e+00   1.2617890e+00   8.3703936e-01   6.6486856e-01   4.1399897e-01   1.7479976e-01
   1.2006168e+00   1.2579075e+00   1.3290177e+00   1.3249965e+00   1.3472190e+00   1.4775799e+00   1.4797575e+00   1.4580925e+00   1.5327842e+00   1.5873334e+00   1.5305450e+00   1.6411216e+00   1.5238430e+00   1.6128683e+00   1.6245895e+00   1.2715277e+00   1.2347835e+00   6.1999562e-01   6.2832897e-01   4.6184776e-01   1.8689821e-01
   1.2540339e+00   1.2328692e+00   1.2872140e+00   1.3492522e+00   1.3655964e+00   1.4580925e+00   1.4559395e+00   1.4863055e+00   1.5553230e+00   1.5621371e+00   1.5598630e+00   1.5804285e+00   1.5712608e+00   1.4602479e+00   1.5216143e+00   1.2138309e+00   1.2062687e+00   8.2310854e-01   6.6628806e-01   5.3330917e-01   1.5625239e-01
   1.3010466e+00   1.3862263e+00   1.2793547e+00   1.3779474e+00   1.1874939e+00   1.4863055e+00   1.4841203e+00   1.2463103e+00   1.1856265e+00   1.5896406e+00   1.6035431e+00   1.6843053e+00   1.4994695e+00   1.6482511e+00   1.6105327e+00   1.2891840e+00   8.4326377e-01   7.9251207e-01   6.5778692e-01   3.5764410e-01   1.4326828e-01
   1.2970842e+00   1.3249965e+00   1.2990644e+00   1.4175974e+00   1.4175974e+00   1.5575917e+00   1.5149437e+00   1.4710618e+00   1.5016724e+00   1.6554074e+00   1.6269424e+00   1.6673948e+00   1.5553230e+00   1.6105327e+00   1.7359590e+00   1.2793547e+00   1.2773949e+00   8.6994740e-01   6.2972142e-01   3.8806422e-01   1.3466125e-01
   1.2501682e+00   1.2931300e+00   1.3391080e+00   1.3655964e+00   1.3820824e+00   1.4710618e+00   1.4863055e+00   1.4928761e+00   1.4950714e+00   1.5827273e+00   1.5827273e+00   1.5193881e+00   1.5260744e+00   1.6292983e+00   1.6506335e+00   1.2793547e+00   1.2559697e+00   7.9099510e-01   5.9521266e-01   4.9011062e-01   1.4219027e-01
   1.2715277e+00   1.1504917e+00   1.2715277e+00   1.3330474e+00   1.3862263e+00   1.4732320e+00   1.4112816e+00   1.4580925e+00   1.5553230e+00   1.5598630e+00   1.6105327e+00   1.6482511e+00   1.5804285e+00   1.2715277e+00   1.6530190e+00   1.2386180e+00   1.2062687e+00   8.5107307e-01   6.9202208e-01   5.5327433e-01   1.4111286e-01
   1.3431592e+00   1.3431592e+00   1.2832803e+00   1.3738215e+00   1.3800138e+00   1.4537890e+00   1.4388030e+00   1.4388030e+00   1.3249965e+00   1.5896406e+00   1.5149437e+00   1.6915990e+00   1.4972692e+00   1.5507938e+00   1.6198923e+00   1.3010466e+00   8.6048679e-01   7.4900444e-01   6.1169867e-01   3.9420713e-01   1.2182336e-01
   1.3249965e+00   1.3512875e+00   1.3270061e+00   1.4302923e+00   1.4049868e+00   1.5417677e+00   1.5260744e+00   1.4710618e+00   1.5598630e+00   1.6316571e+00   1.6128683e+00   1.6989207e+00   1.4863055e+00   1.3391080e+00   1.6891646e+00   1.3050174e+00   1.1652062e+00   8.8104463e-01   6.7482740e-01   4.5294248e-01   1.2502471e-01
   1.2872140e+00   1.3800138e+00   1.2734814e+00   1.3717619e+00   1.3903793e+00   1.4624058e+00   1.4732320e+00   1.5395178e+00   1.5082965e+00   1.5712608e+00   1.5942635e+00   1.5689758e+00   1.5193881e+00   1.5666935e+00   1.6506335e+00   1.3050174e+00   1.1070199e+00   8.4950864e-01   6.2415773e-01   4.8623174e-01   2.2366277e-01
   1.3050174e+00   1.2676262e+00   1.3249965e+00   1.3350654e+00   1.4154898e+00   1.4537890e+00   1.4197074e+00   1.4994695e+00   1.5260744e+00   1.5873334e+00   1.5735486e+00   1.6316571e+00   1.5598630e+00   1.3655964e+00   1.6818803e+00   1.2482383e+00   1.1088115e+00   8.2310854e-01   6.6628806e-01   5.6804994e-01   1.7589644e-01
   1.2734814e+00   1.3370857e+00   1.2773949e+00   1.3512875e+00   1.2347835e+00   1.4950714e+00   1.4710618e+00   1.4732320e+00   1.3883017e+00   1.5942635e+00   1.5827273e+00   1.6698014e+00   1.5804285e+00   1.6818803e+00   1.4863055e+00   1.2214233e+00   8.8741513e-01   6.3949726e-01   5.3463367e-01   3.2532836e-01   1.1013101e-01
   1.3129838e+00   1.3411325e+00   1.3249965e+00   1.4559395e+00   1.4302923e+00   1.5485333e+00   1.5216143e+00   1.5644139e+00   1.5485333e+00   1.6482511e+00   1.6867334e+00   1.7409524e+00   1.6673948e+00   1.5781324e+00   1.6387511e+00   1.2424603e+00   1.1395301e+00   9.9235984e-01   7.3128869e-01   4.4281588e-01   1.3466125e-01
   1.2754371e+00   1.3553648e+00   1.3109891e+00   1.3249965e+00   1.3924592e+00   1.4667289e+00   1.4732320e+00   1.4928761e+00   1.5350261e+00   1.6058701e+00   1.5873334e+00   1.6316571e+00   1.6245895e+00   1.6245895e+00   1.5896406e+00   1.3189807e+00   1.1431770e+00   9.1311290e-01   7.1665072e-01   4.9659305e-01   1.8359099e-01
   1.2793547e+00   1.2290462e+00   1.3050174e+00   1.3512875e+00   1.4112816e+00   1.4710618e+00   1.4452111e+00   1.4819377e+00   1.5850290e+00   1.6316571e+00   1.5598630e+00   1.5988977e+00   1.6175481e+00   1.5965792e+00   1.6245895e+00   1.2443843e+00   1.0418907e+00   9.0665580e-01   7.4604032e-01   5.7345151e-01   1.5951232e-01
   1.2754371e+00   1.3189807e+00   1.2990644e+00   1.3109891e+00   1.2195224e+00   1.4388030e+00   1.4667289e+00   1.3800138e+00   1.3738215e+00   1.6411216e+00   1.6012190e+00   1.6843053e+00   1.6058701e+00   1.2990644e+00   1.5553230e+00   1.2521001e+00   1.2252310e+00   1.0212384e+00   8.1081076e-01   5.7886848e-01   2.1021139e-01
   1.2637328e+00   1.3169796e+00   1.3614971e+00   1.3945414e+00   1.4197074e+00   1.5395178e+00   1.5105096e+00   1.4388030e+00   1.5440202e+00   1.6746237e+00   1.6746237e+00   1.6940364e+00   1.5462754e+00   1.4218196e+00   1.6989207e+00   1.3655964e+00   1.2405382e+00   1.0263804e+00   8.2774081e-01   5.4393114e-01   1.5625239e-01
   1.1818974e+00   1.2990644e+00   1.3089964e+00   1.3451880e+00   1.4049868e+00   1.4775799e+00   1.4710618e+00   1.5038779e+00   1.5395178e+00   1.5919507e+00   1.5896406e+00   1.6434951e+00   1.5781324e+00   1.5644139e+00   1.4841203e+00   1.3391080e+00   1.2157262e+00   9.4244453e-01   7.8493932e-01   5.3728545e-01   2.0240850e-01
   1.2656785e+00   1.2119375e+00   1.3249965e+00   1.3553648e+00   1.4494952e+00   1.4732320e+00   1.4281706e+00   1.5193881e+00   1.4028931e+00   1.5942635e+00   1.5553230e+00   1.6434951e+00   1.5712608e+00   1.3553648e+00   1.6698014e+00   1.3472190e+00   1.2252310e+00   9.7056869e-01   7.6240050e-01   5.9795042e-01   1.7260830e-01
   1.2579075e+00   1.3109891e+00   1.2100461e+00   1.2482383e+00   1.2852461e+00   1.4710618e+00   1.5149437e+00   1.4366718e+00   1.4239343e+00   1.6458716e+00   1.5896406e+00   1.6843053e+00   1.6363835e+00   1.5942635e+00   1.6222395e+00   1.3050174e+00   1.2443843e+00   1.0178180e+00   8.1081076e-01   6.0206446e-01   2.0018498e-01
   1.3169796e+00   1.3290177e+00   1.3290177e+00   1.4049868e+00   1.4197074e+00   1.5621371e+00   1.5327842e+00   1.4797575e+00   1.5827273e+00   1.6411216e+00   1.6530190e+00   1.7087272e+00   1.6245895e+00   1.5735486e+00   1.6891646e+00   1.3635456e+00   1.2754371e+00   1.0523017e+00   8.4014901e-01   6.0206446e-01   2.0129642e-01
   1.2443843e+00   1.3350654e+00   1.3129838e+00   1.2793547e+00   1.4197074e+00   1.4667289e+00   1.4906834e+00   1.5238430e+00   1.6198923e+00   1.6458716e+00   1.5440202e+00   1.6506335e+00   1.5988977e+00   1.1340730e+00   1.5462754e+00   1.2951060e+00   1.2695759e+00   9.4080306e-01   8.0621954e-01   5.2538148e-01   2.2929574e-01
   1.2233262e+00   1.2006168e+00   1.3290177e+00   1.3492522e+00   1.4388030e+00   1.5038779e+00   1.4580925e+00   1.5082965e+00   1.6105327e+00   1.6363835e+00   1.5919507e+00   1.6128683e+00   1.5735486e+00   1.5965792e+00   1.6012190e+00   1.2931300e+00   1.3010466e+00   1.1232055e+00   1.0178180e+00   9.6059491e-01   7.5048824e-01
   1.2024989e+00   1.3411325e+00   1.2405382e+00   1.2695759e+00   1.4516409e+00   1.4452111e+00   1.4950714e+00   1.4049868e+00   1.5060859e+00   1.6482511e+00   1.5919507e+00   1.6867334e+00   1.6601933e+00   1.6012190e+00   1.6482511e+00   1.3030310e+00   1.1195967e+00   9.6391369e-01   8.0774872e-01   6.1307898e-01   2.6344885e-01
   1.2754371e+00   1.3070059e+00   1.3129838e+00   1.4473519e+00   1.3512875e+00   1.5553230e+00   1.4775799e+00   1.5238430e+00   1.5689758e+00   1.6554074e+00   1.6058701e+00   1.7235325e+00   1.5417677e+00   1.5598630e+00   1.6989207e+00   1.3391080e+00   1.1016551e+00   9.8562821e-01   8.3238439e-01   5.7074881e-01   2.9588866e-01
   1.2443843e+00   1.3129838e+00   1.2931300e+00   1.3350654e+00   1.3779474e+00   1.4884932e+00   1.4819377e+00   1.4602479e+00   1.5372706e+00   1.5621371e+00   1.5350261e+00   1.6891646e+00   1.5553230e+00   1.5575917e+00   1.6198923e+00   1.2695759e+00   1.1633607e+00   9.5893769e-01   8.1081076e-01   5.5997627e-01   1.9685457e-01
   1.2676262e+00   1.2656785e+00   1.3655964e+00   1.3903793e+00   1.3820824e+00   1.4950714e+00   1.4754047e+00   1.4863055e+00   1.6035431e+00   1.6105327e+00   1.5988977e+00   1.6891646e+00   1.4906834e+00   1.4928761e+00   1.6601933e+00   1.3010466e+00   1.1052299e+00   1.0058951e+00   7.9403024e-01   6.1584262e-01   3.0291270e-01
