   1.4710618e+00   1.5575917e+00   1.3697045e+00   1.5827273e+00   1.5598630e+00   1.5530571e+00   1.4645661e+00   1.4430727e+00   1.4819377e+00   1.5781324e+00   1.5712608e+00   1.5283083e+00   1.4154898e+00   1.5038779e+00   1.3431592e+00   1.3635456e+00   1.3945414e+00   1.3676493e+00   1.4863055e+00   1.4884932e+00   1.4580925e+00
   1.3070059e+00   1.4516409e+00   1.1912340e+00   1.5827273e+00   1.5417677e+00   1.5965792e+00   1.5082965e+00   1.5553230e+00   1.4906834e+00   1.5598630e+00   1.5644139e+00   1.6082000e+00   1.5038779e+00   1.4091810e+00   1.5238430e+00   1.4028931e+00   1.4645661e+00   1.4133846e+00   1.5507938e+00   1.5171646e+00   1.5216143e+00
   1.4688941e+00   1.4863055e+00   1.4388030e+00   1.6012190e+00   1.5758391e+00   1.6058701e+00   1.4409366e+00   1.4884932e+00   1.5238430e+00   1.5372706e+00   1.6316571e+00   1.5485333e+00   1.5485333e+00   1.3924592e+00   1.5260744e+00   1.4516409e+00   1.5327842e+00   1.3697045e+00   1.4754047e+00   1.4580925e+00   1.6649913e+00
   1.3841532e+00   1.5105096e+00   1.1837611e+00   1.5485333e+00   1.5440202e+00   1.5689758e+00   1.4950714e+00   1.5327842e+00   1.4388030e+00   1.4950714e+00   1.5350261e+00   1.6175481e+00   1.3270061e+00   1.4710618e+00   1.5305450e+00   1.4008017e+00   1.5372706e+00   1.3800138e+00   1.4409366e+00   1.4667289e+00   1.6625908e+00
   1.4863055e+00   1.5038779e+00   1.4516409e+00   1.6105327e+00   1.5873334e+00   1.5942635e+00   1.5507938e+00   1.4688941e+00   1.5417677e+00   1.5712608e+00   1.5873334e+00   1.4218196e+00   1.6082000e+00   1.3738215e+00   1.5804285e+00   1.4345429e+00   1.3676493e+00   1.2793547e+00   1.3553648e+00   1.4112816e+00   1.3655964e+00
   1.2598473e+00   1.4928761e+00   1.3129838e+00   1.6128683e+00   1.5598630e+00   1.6222395e+00   1.5238430e+00   1.5575917e+00   1.4841203e+00   1.5553230e+00   1.5758391e+00   1.6152068e+00   1.4559395e+00   1.3431592e+00   1.6411216e+00   1.4049868e+00   1.5440202e+00   1.4239343e+00   1.4366718e+00   1.4667289e+00   1.5666935e+00
   1.4112816e+00   1.5193881e+00   1.4559395e+00   1.5644139e+00   1.5873334e+00   1.5758391e+00   1.5260744e+00   1.5038779e+00   1.5127254e+00   1.5965792e+00   1.6363835e+00   1.5598630e+00   1.5644139e+00   1.5238430e+00   1.4388030e+00   1.2773949e+00   1.4602479e+00   1.2970842e+00   1.5666935e+00   1.5082965e+00   1.3717619e+00
   1.3350654e+00   1.4994695e+00   1.1987365e+00   1.5621371e+00   1.5530571e+00   1.6222395e+00   1.5553230e+00   1.6128683e+00   1.4863055e+00   1.4688941e+00   1.6012190e+00   1.5804285e+00   1.3553648e+00   1.5919507e+00   1.5060859e+00   1.3149807e+00   1.4950714e+00   1.4580925e+00   1.5965792e+00   1.5127254e+00   1.4775799e+00
   1.4366718e+00   1.5082965e+00   1.4906834e+00   1.5758391e+00   1.5689758e+00   1.5873334e+00   1.4841203e+00   1.4667289e+00   1.4884932e+00   1.5965792e+00   1.5988977e+00   1.5283083e+00   1.5553230e+00   1.5127254e+00   1.5781324e+00   1.3391080e+00   1.5238430e+00   1.4133846e+00   1.4645661e+00   1.4070827e+00   1.6175481e+00
   1.4175974e+00   1.5283083e+00   1.3431592e+00   1.5758391e+00   1.5712608e+00   1.5988977e+00   1.5193881e+00   1.5417677e+00   1.4049868e+00   1.3738215e+00   1.5919507e+00   1.6269424e+00   1.5127254e+00   1.6198923e+00   1.6482511e+00   1.4133846e+00   1.5171646e+00   1.4070827e+00   1.4580925e+00   1.4537890e+00   1.6770395e+00
   1.3431592e+00   1.5038779e+00   1.5105096e+00   1.5942635e+00   1.5919507e+00   1.5873334e+00   1.5060859e+00   1.4775799e+00   1.5060859e+00   1.5666935e+00   1.6105327e+00   1.5417677e+00   1.6035431e+00   1.5553230e+00   1.6198923e+00   1.3945414e+00   1.5238430e+00   1.3883017e+00   1.4928761e+00   1.5127254e+00   1.5919507e+00
   1.4516409e+00   1.4754047e+00   1.3209839e+00   1.5689758e+00   1.5965792e+00   1.6198923e+00   1.4972692e+00   1.5530571e+00   1.5149437e+00   1.4884932e+00   1.5350261e+00   1.6152068e+00   1.5462754e+00   1.5942635e+00   1.6673948e+00   1.4345429e+00   1.4388030e+00   1.3862263e+00   1.5462754e+00   1.5171646e+00   1.6722110e+00
   1.4602479e+00   1.4559395e+00   1.4688941e+00   1.5327842e+00   1.5896406e+00   1.5735486e+00   1.5216143e+00   1.4667289e+00   1.4797575e+00   1.5395178e+00   1.6175481e+00   1.5305450e+00   1.5372706e+00   1.5105096e+00   1.6058701e+00   1.4388030e+00   1.4906834e+00   1.3738215e+00   1.4112816e+00   1.4409366e+00   1.3987127e+00
   1.2793547e+00   1.4863055e+00   1.3594508e+00   1.5988977e+00   1.5507938e+00   1.6198923e+00   1.5485333e+00   1.5485333e+00   1.5485333e+00   1.3655964e+00   1.5712608e+00   1.5575917e+00   1.4732320e+00   1.6152068e+00   1.5758391e+00   1.4537890e+00   1.5238430e+00   1.3270061e+00   1.4345429e+00   1.4559395e+00   1.6340188e+00
   1.5105096e+00   1.4645661e+00   1.4602479e+00   1.5988977e+00   1.5758391e+00   1.5919507e+00   1.4645661e+00   1.5350261e+00   1.5060859e+00   1.5105096e+00   1.6458716e+00   1.5804285e+00   1.5735486e+00   1.5305450e+00   1.5598630e+00   1.5171646e+00   1.6245895e+00   1.3945414e+00   1.5440202e+00   1.5417677e+00   1.5781324e+00
   1.3109891e+00   1.5082965e+00   1.3010466e+00   1.6035431e+00   1.5896406e+00   1.6269424e+00   1.5440202e+00   1.5598630e+00   1.5712608e+00   1.6012190e+00   1.5644139e+00   1.6411216e+00   1.4841203e+00   1.5553230e+00   1.6649913e+00   1.4710618e+00   1.5850290e+00   1.4008017e+00   1.5553230e+00   1.5440202e+00   1.7210569e+00
   1.2970842e+00   1.4667289e+00   1.4732320e+00   1.5417677e+00   1.6222395e+00   1.5781324e+00   1.5038779e+00   1.4667289e+00   1.4950714e+00   1.4624058e+00   1.6269424e+00   1.5193881e+00   1.5712608e+00   1.3594508e+00   1.6269424e+00   1.5038779e+00   1.5896406e+00   1.4197074e+00   1.5440202e+00   1.5149437e+00   1.6601933e+00
   1.2793547e+00   1.4884932e+00   1.3129838e+00   1.5712608e+00   1.5988977e+00   1.6363835e+00   1.5082965e+00   1.5327842e+00   1.5149437e+00   1.4994695e+00   1.5644139e+00   1.5919507e+00   1.5105096e+00   1.5462754e+00   1.6746237e+00   1.4281706e+00   1.5758391e+00   1.4008017e+00   1.5372706e+00   1.5440202e+00   1.6794584e+00
   1.5507938e+00   1.4133846e+00   1.4819377e+00   1.5919507e+00   1.6625908e+00   1.5965792e+00   1.5171646e+00   1.5462754e+00   1.5016724e+00   1.6222395e+00   1.6175481e+00   1.5395178e+00   1.5530571e+00   1.3574067e+00   1.6458716e+00   1.5507938e+00   1.6198923e+00   1.5712608e+00   1.5735486e+00   1.5305450e+00   1.5350261e+00
   1.4494952e+00   1.3370857e+00   1.3492522e+00   1.5440202e+00   1.5712608e+00   1.6698014e+00   1.5193881e+00   1.5758391e+00   1.5216143e+00   1.5644139e+00   1.6458716e+00   1.5965792e+00   1.5417677e+00   1.5016724e+00   1.7409524e+00   1.5417677e+00   1.6175481e+00   1.5644139e+00   1.5735486e+00   1.5553230e+00   1.6363835e+00
