   1.4239343e+00   1.3050174e+00   1.3635456e+00   1.5238430e+00   1.4388030e+00   1.4345429e+00   1.3169796e+00   1.3350654e+00   1.0332583e+00   1.0075938e+00   1.1214002e+00   8.4638364e-01   9.0988161e-01   5.4526307e-01   5.1224173e-01   2.0129642e-01   4.3494047e-02   7.0129265e-03   1.0002633e-03   3.0023709e-03   1.0002633e-03
   1.4154898e+00   1.3862263e+00   1.4133846e+00   1.4580925e+00   1.4175974e+00   1.4430727e+00   1.2521001e+00   1.2482383e+00   1.0280976e+00   1.1689027e+00   1.1949816e+00   9.2772212e-01   8.4794549e-01   6.7768239e-01   5.0309768e-01   1.4326828e-01   5.9935469e-02   7.0129265e-03  -0.0000000e+00   3.0023709e-03   1.0002633e-03
   1.4884932e+00   1.1615169e+00   1.3903793e+00   1.5644139e+00   1.4819377e+00   1.4430727e+00   1.4430727e+00   1.2951060e+00   1.2043829e+00   1.2695759e+00   1.2990644e+00   1.0212384e+00   1.0785815e+00   7.6240050e-01   5.1880025e-01   2.6574770e-01   1.0061778e-01   9.0213833e-03   2.0010534e-03   3.0023709e-03   2.0010534e-03
   1.4841203e+00   1.4154898e+00   1.4710618e+00   1.4775799e+00   1.4452111e+00   1.4667289e+00   1.2695759e+00   1.3209839e+00   1.0645204e+00   1.1250124e+00   1.1504917e+00   1.0229508e+00   9.5893769e-01   8.2310854e-01   4.1524283e-01   1.8689821e-01   8.9054813e-02   8.0168895e-03  -0.0000000e+00   2.0010534e-03   1.0002633e-03
   1.4994695e+00   1.4452111e+00   1.4218196e+00   1.5553230e+00   1.3987127e+00   1.4559395e+00   1.4154898e+00   1.3350654e+00   1.2598473e+00   1.2463103e+00   1.3270061e+00   9.8059509e-01   1.0298162e+00   7.5197319e-01   4.3023305e-01   1.3680935e-01   2.8208365e-02   3.0023709e-03   1.0002633e-03   1.0002633e-03   2.0010534e-03
   1.4388030e+00   1.5395178e+00   1.4580925e+00   1.4775799e+00   1.4070827e+00   1.5171646e+00   1.2617890e+00   1.2309567e+00   1.2157262e+00   1.2347835e+00   1.3149807e+00   1.1070199e+00   1.1232055e+00   1.0041979e+00   6.3111489e-01   2.0240850e-01   4.6565996e-02   6.0094937e-03  -0.0000000e+00  -0.0000000e+00  -0.0000000e+00
   1.5417677e+00   1.3310315e+00   1.4260513e+00   1.5758391e+00   1.4863055e+00   1.4667289e+00   1.4154898e+00   1.2715277e+00   1.2990644e+00   1.3209839e+00   1.0963055e+00   1.1633607e+00   1.1707537e+00   9.3588715e-01   7.0212465e-01   2.9939744e-01   6.5102729e-02   9.0213833e-03   2.0010534e-03   1.0002633e-03   2.0010534e-03
   1.4841203e+00   1.5216143e+00   1.4324164e+00   1.4797575e+00   1.4452111e+00   1.4994695e+00   1.3270061e+00   1.2386180e+00   1.2872140e+00   1.2715277e+00   1.0662724e+00   1.0980871e+00   1.0592742e+00   9.9067469e-01   6.4089792e-01   2.5885948e-01   1.0167246e-01   1.3044678e-02  -0.0000000e+00  -0.0000000e+00   2.0010534e-03
   1.4884932e+00   1.3229891e+00   1.4516409e+00   1.5896406e+00   1.3614971e+00   1.4239343e+00   1.4409366e+00   1.2911559e+00   1.1874939e+00   1.2656785e+00   1.3030310e+00   1.2214233e+00   1.2463103e+00   1.2081564e+00   7.6539027e-01   3.1703916e-01   1.4542615e-01   4.1448837e-02   4.0042164e-03   2.0010534e-03   2.0010534e-03
   1.4710618e+00   1.4819377e+00   1.4239343e+00   1.5238430e+00   1.3512875e+00   1.4972692e+00   1.2309567e+00   1.3391080e+00   1.1395301e+00   1.2309567e+00   1.2482383e+00   1.2463103e+00   1.1250124e+00   9.7892035e-01   6.0343778e-01   2.4174738e-01   9.4301986e-02   2.3140344e-02  -0.0000000e+00  -0.0000000e+00  -0.0000000e+00
   1.5193881e+00   1.5644139e+00   1.4516409e+00   1.6245895e+00   1.4388030e+00   1.4324164e+00   1.4218196e+00   1.3229891e+00   1.2081564e+00   1.1689027e+00   1.2366998e+00   1.2043829e+00   1.3229891e+00   9.8394902e-01   8.4950864e-01   3.7705678e-01   1.5842506e-01   5.2724835e-02   1.9095638e-02   2.0010534e-03   2.0010534e-03
   1.4645661e+00   1.5417677e+00   1.4133846e+00   1.5666935e+00   1.4928761e+00   1.5060859e+00   1.3330474e+00   1.3635456e+00   1.2793547e+00   1.2024989e+00   1.2832803e+00   1.2006168e+00   1.1106048e+00   1.0041979e+00   8.5420580e-01   3.9666986e-01   2.2366277e-01   4.6565996e-02   1.3044678e-02   1.0002633e-03   1.0002633e-03
   1.5283083e+00   1.5598630e+00   1.4928761e+00   1.6222395e+00   1.5395178e+00   1.4452111e+00   1.4154898e+00   1.1268211e+00   1.1286315e+00   1.0980871e+00   1.1763174e+00   1.0856513e+00   1.0645204e+00   7.3128869e-01   4.5167370e-01   1.7370371e-01   6.4068152e-02   9.0213833e-03   2.0010534e-03   1.0002633e-03   2.0010534e-03
   1.5038779e+00   1.5758391e+00   1.4452111e+00   1.5873334e+00   1.4732320e+00   1.5395178e+00   1.4754047e+00   1.1987365e+00   1.0998703e+00   1.2366998e+00   1.3149807e+00   1.2482383e+00   1.1726064e+00   9.6059491e-01   5.7615806e-01   1.9907419e-01   7.6520408e-02   1.2038055e-02   1.0002633e-03   1.0002633e-03   1.0002633e-03
   1.5038779e+00   1.5965792e+00   1.4972692e+00   1.5689758e+00   1.5372706e+00   1.4473519e+00   1.4863055e+00   1.0945257e+00   1.3676493e+00   1.3862263e+00   1.2347835e+00   1.2386180e+00   1.2176233e+00   1.0998703e+00   9.8227132e-01   5.8974896e-01   3.0174022e-01   6.9246678e-02   1.8085806e-02   3.0023709e-03   2.0010534e-03
   1.4775799e+00   1.5781324e+00   1.4537890e+00   1.5942635e+00   1.5395178e+00   1.4797575e+00   1.3533251e+00   1.2463103e+00   1.0927475e+00   1.1358903e+00   1.2463103e+00   1.1968581e+00   1.1286315e+00   1.0025022e+00   7.4012592e-01   4.2522316e-01   3.0174022e-01   4.8616725e-02   1.0026408e-02   2.0010534e-03   1.0002633e-03
   1.5038779e+00   1.5575917e+00   1.4819377e+00   1.5850290e+00   1.4797575e+00   1.5260744e+00   1.3883017e+00   1.3391080e+00   1.2043829e+00   1.2233262e+00   1.2501682e+00   9.9573462e-01   1.0280976e+00   7.8947934e-01   6.7482740e-01   4.4660703e-01   2.3834338e-01   3.4307889e-02   7.0129265e-03   3.0023709e-03   1.0002633e-03
   1.5105096e+00   1.5712608e+00   1.4732320e+00   1.5919507e+00   1.4841203e+00   1.5127254e+00   1.3411325e+00   1.3129838e+00   1.2043829e+00   1.3010466e+00   1.2119375e+00   1.1088115e+00   1.1559963e+00   9.4080306e-01   6.6061641e-01   2.8656349e-01   2.2929574e-01   4.2471167e-02   8.0168895e-03  -0.0000000e+00   1.0002633e-03
   1.5238430e+00   1.5038779e+00   1.4732320e+00   1.5395178e+00   1.5462754e+00   1.4754047e+00   1.3350654e+00   1.3841532e+00   1.3189807e+00   1.1893630e+00   1.2931300e+00   1.2024989e+00   1.1652062e+00   8.1541311e-01   6.5496164e-01   4.8107220e-01   2.2141425e-01   7.4439357e-02   2.0106008e-02   3.0023709e-03   3.0023709e-03
   1.4928761e+00   1.5350261e+00   1.4409366e+00   1.5082965e+00   1.5712608e+00   1.5016724e+00   1.4112816e+00   1.3697045e+00   1.2734814e+00   1.2559697e+00   1.2309567e+00   1.1744610e+00   1.1726064e+00   8.0774872e-01   6.1031936e-01   3.4921302e-01   2.5542471e-01   6.7173573e-02   1.3044678e-02   4.0042164e-03   2.0010534e-03
